1,1.40915
2,1.39234
3,1.37982
4,1.24199
5,1.03263
6,1.14232
7,1.52702
8,1.63768
9,1.85966
10,2.05144
11,2.05037
12,2.09828
13,2.05492
14,1.95172
15,1.81508
16,1.79067
17,1.55219
18,1.2782
19,1.03837
20,1.10897
21,1.3612
22,1.35669
23,1.60601
24,1.55316
25,1.6719
26,1.7013
27,1.64394
28,1.60361
29,1.52609
30,1.46664
31,1.49124
32,1.3219
33,1.38487
34,1.34773
35,1.49088
36,1.52746
37,1.54013
38,1.67779
39,1.62416
40,1.70992
41,1.63756
42,1.41209
43,1.42661
44,1.3272
45,1.12996
46,1.15843
47,1.44161
48,1.52239
49,1.72435
50,1.96565
51,2.1073
52,2.11935
53,2.14505
54,2.06087
55,2.04713
56,1.79785
57,1.70077
58,1.38638
59,1.17411
60,1.00546
61,1.26959
62,1.36053
63,1.44767
64,1.45431
65,1.44621
66,1.22936
67,1.12288
68,1.02339
69,1.29802
70,1.52073
71,1.73987
72,1.79223
73,1.91263
74,2.03481
75,2.12174
76,2.00152
77,2.09195
78,1.80815
79,1.71143
80,1.49425
81,1.32926
82,1.10182
83,1.1748
84,1.34611
85,1.42308
86,1.56366
87,1.51788
88,1.52145
89,1.55884
90,1.61306
91,1.519
92,1.40588
93,1.36031
94,1.43231
95,1.40951
96,1.4234
97,1.41356
98,1.50099
99,1.45867
100,1.48871
101,1.50627
102,1.70533
103,1.64473
104,1.52048
105,1.40924
106,1.42426
107,1.30429
108,1.06461
109,1.17134
110,1.42013
111,1.56273
112,1.70306
113,1.91307
114,2.13064
115,2.05961
116,2.19667
117,1.96601
118,1.96537
119,1.73733
120,1.52053
121,1.34191
122,1.22462
123,1.03265
124,1.26589
125,1.257
126,1.36771
127,1.46978
128,1.36028
129,1.14699
130,1.04294
131,1.15805
132,1.35278
133,1.43494
134,1.80853
135,1.81146
136,2.01583
137,2.15968
138,2.17171
139,2.00001
140,1.89922
141,1.88487
142,1.63638
143,1.44207
144,1.30308
145,1.06654
146,1.07854
147,1.2619
148,1.36134
149,1.46195
150,1.57939
151,1.60934
152,1.55271
153,1.65721
154,1.44145
155,1.55517
156,1.49851
157,1.4003
158,1.37601
159,1.37507
160,1.42834
161,1.5574
162,1.55594
163,1.58659
164,1.52367
165,1.55013
166,1.67006
167,1.49677
168,1.45249
169,1.3149
170,1.17517
171,1.00428
172,1.19571
173,1.4014
174,1.74035
175,1.72732
176,1.90518
177,1.99836
178,2.05041
179,2.11621
180,2.03027
181,1.9583
182,1.71809
183,1.52453
184,1.36302
185,1.15424
186,1.02189
187,1.24764
188,1.403
189,1.46427
190,1.44155
191,1.34091
192,1.26475
193,1.10906
194,1.04455
195,1.43406
196,1.51216
197,1.77815
198,1.99972
199,2.0531
200,2.13146
201,2.17529
202,2.06363
203,2.01995
204,1.87503
205,1.64598
206,1.42246
207,1.1357
208,1.09525
209,1.12678
210,1.30267
211,1.48141
212,1.53587
213,1.63457
214,1.58009
215,1.69688
216,1.64109
217,1.44798
218,1.55907
219,1.35973
220,1.40676
221,1.42225
222,1.31865
223,1.53423
224,1.52231
225,1.54144
226,1.5138
227,1.67632
228,1.69788
229,1.65815
230,1.56128
231,1.36992
232,1.37973
233,1.11233
234,1.01092
235,1.28861
236,1.52151
237,1.66181
238,1.91453
239,2.08399
240,2.14685
241,2.07125
242,2.12834
243,1.97224
244,1.92629
245,1.75146
246,1.51171
247,1.34218
248,1.07386
249,1.08069
250,1.2423
251,1.33992
252,1.34435
253,1.39905
254,1.30015
255,1.14164
256,1.06062
257,1.19169
258,1.42681
259,1.59629
260,1.79349
261,1.91819
262,2.01324
263,2.19256
264,2.11849
265,2.08286
266,1.90806
267,1.74328
268,1.56265
269,1.36571
270,1.20664
271,1.06098
272,1.17461
273,1.39444
274,1.52178
275,1.54361
276,1.68876
277,1.55041
278,1.59657
279,1.48482
280,1.57172
281,1.56055
282,1.34234
283,1.49018
284,1.39454
285,1.36825
286,1.51909
287,1.57052
288,1.47417
289,1.66632
290,1.71029
291,1.57463
292,1.61066
293,1.48119
294,1.4922
295,1.30666
296,1.04869
297,1.09101
298,1.21428
299,1.45481
300,1.68382
301,1.83186
302,1.9948
303,2.02578
304,2.16269
305,2.14558
306,1.97429
307,1.9411
308,1.68601
309,1.40036
310,1.20858
311,1.07784
312,1.11787
313,1.25657
314,1.37599
315,1.35928
316,1.4623
317,1.25417
318,1.15445
319,1.09557
320,1.13433
321,1.36913
322,1.62087
323,1.78621
324,1.95702
325,2.03764
326,2.08762
327,2.15292
328,2.13208
329,1.96923
330,1.70595
331,1.47437
332,1.36799
333,1.22322
334,1.04567
335,1.29045
336,1.47808
337,1.56235
338,1.50005
339,1.58628
340,1.58648
341,1.61235
342,1.53255
343,1.44166
344,1.47265
345,1.51636
346,1.41537
347,1.36693
348,1.48978
349,1.36543
350,1.44492
351,1.48745
352,1.65825
353,1.66757
354,1.69727
355,1.57898
356,1.43417
357,1.37621
358,1.29119
359,1.16969
360,1.16529
361,1.32526
362,1.49132
363,1.73505
364,1.91547
365,2.11721
366,2.15132
367,2.09334
368,1.99413
369,2.04348
370,1.77451
371,1.55038
372,1.3489
373,1.15377
374,1.00022
375,1.17167
376,1.37327
377,1.37238
378,1.4994
379,1.29242
380,1.29108
381,1.19829
382,1.03242
383,1.2421
384,1.54384
385,1.72414
386,1.83004
387,2.03519
388,2.02557
389,2.16568
390,2.07718
391,2.05511
392,1.90853
393,1.82903
394,1.5018
395,1.27133
396,1.18594
397,1.09759
398,1.23818
399,1.45217
400,1.55843
401,1.58665
402,1.66624
403,1.70595
404,1.61627
405,1.59868
406,1.42162
407,1.48022
408,1.39361
409,1.33527
410,1.43832
411,1.44675
412,1.50114
413,1.48322
414,1.65418
415,1.65566
416,1.66318
417,1.54398
418,1.5995
419,1.45014
420,1.46321
421,1.1981
422,1.0088
423,1.14239
424,1.39826
425,1.49537
426,1.731
427,1.92765
428,2.01839
429,2.2039
430,2.03685
431,2.01477
432,2.03227
433,1.8365
434,1.54338
435,1.39385
436,1.12033
437,1.00926
438,1.24571
439,1.27178
440,1.41131
441,1.37309
442,1.37766
443,1.16588
444,1.20446
445,1.11256
446,1.23271
447,1.42398
448,1.72377
449,1.83963
450,2.05285
451,2.1798
452,2.18585
453,2.09286
454,2.07705
455,1.80403
456,1.74312
457,1.58607
458,1.21708
459,1.01173
460,1.0545
461,1.20879
462,1.44533
463,1.5436
464,1.53715
465,1.6914
466,1.68975
467,1.60815
468,1.56818
469,1.58314
470,1.47324
471,1.44534
472,1.43203
473,1.36435
474,1.52719
475,1.40826
476,1.42796
477,1.55484
478,1.68585
479,1.63983
480,1.66806
481,1.6265
482,1.56392
483,1.32115
484,1.10815
485,1.02223
486,1.11193
487,1.43504
488,1.61753
489,1.73504
490,1.96959
491,2.05014
492,2.19883
493,2.09907
494,1.97399
495,1.96055
496,1.75455
497,1.49045
498,1.4197
499,1.13116
500,1.11557
501,1.25675
502,1.39838
503,1.47524
504,1.40091
505,1.26708
506,1.23513
507,1.00592
508,1.05502
509,1.27947
510,1.60754
511,1.63685
512,1.94091
513,2.03801
514,2.14198
515,2.11824
516,1.98846
517,1.96902
518,1.89701
519,1.59412
520,1.37593
521,1.27617
522,1.12706
523,1.11609
524,1.3952
525,1.53193
526,1.49212
527,1.59909
528,1.65331
529,1.57937
530,1.63092
531,1.48724
532,1.54373
533,1.45383
534,1.43063
535,1.48271
536,1.49044
537,1.42754
538,1.55586
539,1.60505
540,1.63905
541,1.69303
542,1.53362
543,1.6371
544,1.47615
545,1.46729
546,1.36461
547,1.08466
548,1.02602
549,1.15334
550,1.52436
551,1.66468
552,1.78011
553,1.91781
554,2.03485
555,2.19211
556,2.04702
557,1.99855
558,1.82577
559,1.78886
560,1.4515
561,1.32628
562,1.04853
563,1.06319
564,1.30412
565,1.28787
566,1.32434
567,1.4887
568,1.37229
569,1.19094
570,1.10775
571,1.11913
572,1.32449
573,1.50378
574,1.79677
575,1.83624
576,2.10368
577,2.11167
578,2.04736
579,2.09152
580,2.00713
581,1.89484
582,1.5901
583,1.53258
584,1.16676
585,1.07038
586,1.27505
587,1.35687
588,1.50228
589,1.50867
590,1.66208
591,1.60354
592,1.59463
593,1.64062
594,1.442
595,1.42463
596,1.43651
597,1.46213
598,1.48081
599,1.41735
600,1.45338
601,1.47653
602,1.62224
603,1.50856
604,1.55628
605,1.71311
606,1.57549
607,1.57145
608,1.42431
609,1.23305
610,1.18947
611,1.04344
612,1.27935
613,1.37999
614,1.68292
615,1.75308
616,2.0747
617,2.0263
618,2.13517
619,2.09025
620,2.0664
621,1.93431
622,1.76221
623,1.52682
624,1.20793
625,1.04599
626,1.00967
627,1.25844
628,1.33294
629,1.46941
630,1.44376
631,1.39239
632,1.28327
633,1.10316
634,1.20851
635,1.3322
636,1.53537
637,1.8464
638,1.89571
639,1.97789
640,2.09812
641,2.11956
642,2.0229
643,1.89942
644,1.72202
645,1.65499
646,1.47646
647,1.18052
648,1.01434
649,1.13355
650,1.28857
651,1.58086
652,1.47229
653,1.59997
654,1.56444
655,1.5454
656,1.61539
657,1.45389
658,1.42843
659,1.42756
660,1.48016
661,1.3052
662,1.32419
663,1.444
664,1.48179
665,1.46765
666,1.64879
667,1.62145
668,1.66621
669,1.67906
670,1.48143
671,1.50698
672,1.29205
673,1.09185
674,1.05601
675,1.26655
676,1.41333
677,1.71866
678,1.80636
679,1.96469
680,2.10747
681,2.11377
682,2.18193
683,2.00899
684,1.8093
685,1.66322
686,1.44206
687,1.33208
688,1.14676
689,1.02213
690,1.28359
691,1.28257
692,1.31793
693,1.37855
694,1.36612
695,1.23904
696,1.04208
697,1.29403
698,1.32487
699,1.67732
700,1.84631
701,1.88935
702,2.10647
703,2.04178
704,2.01723
705,2.10762
706,1.95812
707,1.66437
708,1.55578
709,1.43552
710,1.11458
711,1.0415
712,1.22073
713,1.35318
714,1.57595
715,1.62447
716,1.53488
717,1.57084
718,1.62941
719,1.49882
720,1.58674
721,1.52443
722,1.43603
723,1.34993
724,1.38675
725,1.39189
726,1.47776
727,1.56965
728,1.63045
729,1.63023
730,1.7159
731,1.66494
732,1.66732
733,1.46636
734,1.46497
735,1.26713
736,1.0387
737,1.08578
738,1.34823
739,1.58932
740,1.66933
741,1.97778
742,2.02307
743,2.12627
744,2.16569
745,1.99153
746,1.91138
747,1.79296
748,1.72524
749,1.40978
750,1.28262
751,1.00207
752,1.18117
753,1.30156
754,1.43882
755,1.45656
756,1.439
757,1.30795
758,1.10019
759,1.04328
760,1.29621
761,1.54622
762,1.70022
763,1.74659
764,2.00113
765,2.15539
766,2.07631
767,2.1743
768,2.0614
769,1.86719
770,1.64689
771,1.50212
772,1.39746
773,1.14215
774,1.12865
775,1.25563
776,1.44269
777,1.41762
778,1.56936
779,1.5189
780,1.57003
781,1.63166
782,1.56736
783,1.57836
784,1.4571
785,1.44953
786,1.3641
787,1.45713
788,1.38443
789,1.44146
790,1.5492
791,1.6182
792,1.54438
793,1.67638
794,1.5768
795,1.60866
796,1.44591
797,1.36586
798,1.27979
799,1.01251
800,1.1397
801,1.38159
802,1.48111
803,1.79877
804,2.01074
805,2.12111
806,2.02949
807,2.04355
808,2.0238
809,2.02129
810,1.85647
811,1.53682
812,1.45833
813,1.14336
814,1.03198
815,1.11143
816,1.29938
817,1.4792
818,1.38079
819,1.29461
820,1.2524
821,1.02717
822,1.01749
823,1.36364
824,1.46348
825,1.71603
826,1.95335
827,1.92528
828,2.14131
829,2.04978
830,2.14758
831,1.96667
832,1.92352
833,1.6945
834,1.53701
835,1.3612
836,1.07497
837,1.14425
838,1.34847
839,1.49974
840,1.54946
841,1.64201
842,1.60666
843,1.51724
844,1.54963
845,1.54045
846,1.39868
847,1.39912
848,1.37718
849,1.3047
850,1.39056
851,1.50387
852,1.39568
853,1.45237
854,1.54687
855,1.58745
856,1.55039
857,1.5522
858,1.5103
859,1.45448
860,1.27674
861,1.24915
862,1.06607
863,1.11654
864,1.45119
865,1.65899
866,1.76631
867,2.0024
868,2.10118
869,2.1308
870,2.0795
871,2.1158
872,1.99669
873,1.73185
874,1.50324
875,1.43875
876,1.07685
877,1.04164
878,1.2919
879,1.38385
880,1.41627
881,1.36295
882,1.39264
883,1.31233
884,1.14031
885,1.18336
886,1.40662
887,1.5825
888,1.6596
889,1.79381
890,2.07873
891,2.00636
892,2.12585
893,2.15532
894,2.0832
895,1.7613
896,1.5815
897,1.43633
898,1.22085
899,1.06071
900,1.19441
901,1.25178
902,1.42475
903,1.57999
904,1.66574
905,1.61977
906,1.54121
907,1.49665
908,1.52819
909,1.46058
910,1.34796
911,1.4895
912,1.47958
913,1.32412
914,1.42248
915,1.50803
916,1.58787
917,1.47528
918,1.70528
919,1.66212
920,1.68473
921,1.5761
922,1.44564
923,1.26924
924,1.09609
925,1.06119
926,1.17267
927,1.39125
928,1.59702
929,1.84492
930,2.04344
931,2.06402
932,2.14027
933,2.06515
934,2.12775
935,1.96182
936,1.7557
937,1.54038
938,1.31968
939,1.2063
940,1.14089
941,1.21915
942,1.34033
943,1.42793
944,1.48247
945,1.31155
946,1.25145
947,1.02216
948,1.09543
949,1.35679
950,1.58979
951,1.7314
952,1.99504
953,1.95709
954,2.01612
955,2.15955
956,2.05757
957,1.96751
958,1.88718
959,1.62645
960,1.4873
961,1.29428
962,1.0896
963,1.2649
964,1.27471
965,1.54537
966,1.49513
967,1.69548
968,1.62565
969,1.57552
970,1.48107
971,1.58148
972,1.48942
973,1.46266
974,1.44511
975,1.39909
976,1.44805
977,1.42378
978,1.5787
979,1.57097
980,1.53118
981,1.64766
982,1.64007
983,1.60668
984,1.47112
985,1.34591
986,1.22773
987,1.07506
988,1.0104
989,1.36206
990,1.55278
991,1.70743
992,1.8882
993,2.08556
994,2.00943
995,2.12322
996,2.0323
997,2.05696
998,1.8665
999,1.68105
1000,1.41255
1001,1.28288
1002,1.17665
1003,1.17446
1004,1.14677
1005,1.43374
1006,1.48376
1007,1.43977
1008,1.2611
1009,1.16202
1010,1.02641
1011,1.13393
1012,1.33981
1013,1.55623
1014,1.71155
1015,1.9591
1016,2.08727
1017,2.08719
1018,2.01131
1019,2.02803
1020,1.873
1021,1.72334
1022,1.52389
1023,1.33448
1024,1.1276
1025,1.0993
1026,1.29322
1027,1.35578
1028,1.40717
1029,1.56996
1030,1.65604
1031,1.52025
1032,1.58768
1033,1.64955
1034,1.45147
1035,1.52608
1036,1.4391
1037,1.40974
1038,1.36348
1039,1.34646
1040,1.50953
1041,1.4088
1042,1.53883
1043,1.64695
1044,1.64835
1045,1.64562
1046,1.56037
1047,1.52419
1048,1.52192
1049,1.32799
1050,1.15369
1051,1.15683
1052,1.3651
1053,1.42391
1054,1.78628
1055,1.85252
1056,1.94209
1057,2.11681
1058,2.04637
1059,2.00601
1060,2.0863
1061,1.77939
1062,1.71012
1063,1.41071
1064,1.27118
1065,1.02786
1066,1.09721
1067,1.17726
1068,1.39501
1069,1.4262
1070,1.42742
1071,1.29431
1072,1.14891
1073,1.04323
1074,1.26598
1075,1.334
1076,1.65032
1077,1.70973
1078,1.91316
1079,2.16152
1080,2.08029
1081,2.16765
1082,2.12663
1083,1.98565
1084,1.6772
1085,1.51041
1086,1.26492
1087,1.10092
1088,1.02364
1089,1.21586
1090,1.47661
1091,1.52512
1092,1.60422
1093,1.6783
1094,1.5742
1095,1.51814
1096,1.50791
1097,1.41538
1098,1.52661
1099,1.44284
1100,1.32098
1101,1.45673
1102,1.32575
1103,1.48241
1104,1.59264
1105,1.57595
1106,1.62623
1107,1.52465
1108,1.52258
1109,1.56287
1110,1.53689
1111,1.48197
1112,1.25612
1113,1.03641
1114,1.18187
1115,1.40417
1116,1.56588
1117,1.78876
1118,1.81619
1119,1.9838
1120,2.17533
1121,2.20214
1122,2.02548
1123,1.99649
1124,1.83143
1125,1.63034
1126,1.52346
1127,1.26912
1128,1.09667
1129,1.22993
1130,1.27651
1131,1.33262
1132,1.34106
1133,1.40368
1134,1.35112
1135,1.08902
1136,1.09039
1137,1.32962
1138,1.41949
1139,1.68828
1140,1.92854
1141,2.01073
1142,2.03485
1143,2.02626
1144,2.19166
1145,1.9242
1146,1.85646
1147,1.73373
1148,1.63023
1149,1.41729
1150,1.11151
1151,1.09438
1152,1.29293
1153,1.31906
1154,1.59174
1155,1.59696
1156,1.68235
1157,1.60473
1158,1.58997
1159,1.55051
1160,1.41771
1161,1.52455
1162,1.49966
1163,1.49402
1164,1.49804
1165,1.40685
1166,1.53583
1167,1.56743
1168,1.49498
1169,1.61856
1170,1.5207
1171,1.66859
1172,1.65761
1173,1.5203
1174,1.30967
1175,1.27453
1176,1.00227
1177,1.22422
1178,1.33734
1179,1.66824
1180,1.72345
1181,1.9785
1182,1.96426
1183,2.17183
1184,2.18831
1185,2.01709
1186,1.8691
1187,1.78813
1188,1.54922
1189,1.48616
1190,1.12962
1191,1.07399
1192,1.11779
1193,1.38663
1194,1.41485
1195,1.3403
1196,1.36739
1197,1.19143
1198,1.12797
1199,1.04868
1200,1.29776
1201,1.52512
1202,1.6967
1203,1.93832
1204,1.9273
1205,1.99635
1206,2.09877
1207,2.02981
1208,2.03136
1209,1.94271
1210,1.6089
1211,1.49315
1212,1.29892
1213,1.14419
1214,1.06916
1215,1.35724
1216,1.33968
1217,1.50305
1218,1.64194
1219,1.57409
1220,1.61875
1221,1.55827
1222,1.62808
1223,1.39174
1224,1.46918
1225,1.42157
1226,1.46859
1227,1.44425
1228,1.33339
1229,1.41827
1230,1.46367
1231,1.5262
1232,1.65047
1233,1.6273
1234,1.50922
1235,1.55854
1236,1.43269
1237,1.30383
1238,1.10362
1239,1.06637
1240,1.19912
1241,1.31636
1242,1.60442
1243,1.88809
1244,1.87382
1245,1.97364
1246,2.02842
1247,2.17832
1248,2.0995
1249,1.91472
1250,1.86867
1251,1.5218
1252,1.32407
1253,1.06574
1254,1.07475
1255,1.16999
1256,1.28221
1257,1.32759
1258,1.47645
1259,1.43287
1260,1.32941
1261,1.10946
1262,1.16883
1263,1.30518
1264,1.60719
1265,1.80463
1266,1.9162
1267,1.94284
1268,2.19222
1269,2.12627
1270,1.99996
1271,2.02505
1272,1.86394
1273,1.70228
1274,1.40252
1275,1.20537
1276,1.01968
1277,1.06466
1278,1.30617
1279,1.40504
1280,1.46918
1281,1.61049
1282,1.67523
1283,1.57273
1284,1.57203
1285,1.56923
1286,1.56082
1287,1.5027
1288,1.39483
1289,1.41758
1290,1.50198
1291,1.49154
1292,1.52023
1293,1.49514
1294,1.56561
1295,1.54874
1296,1.59218
1297,1.63362
1298,1.54161
1299,1.4532
1300,1.30603
1301,1.14576
1302,1.0083
1303,1.24404
1304,1.54282
1305,1.57393
1306,1.73357
1307,1.99208
1308,2.09656
1309,2.15264
1310,2.10571
1311,2.11442
1312,1.88243
1313,1.74126
1314,1.55007
1315,1.31782
1316,1.16465
1317,1.01084
1318,1.20764
1319,1.34459
1320,1.45079
1321,1.40777
1322,1.23794
1323,1.13413
1324,1.02965
1325,1.10966
1326,1.42773
1327,1.49395
1328,1.67947
1329,1.94774
1330,1.93873
1331,2.01554
1332,2.03115
1333,2.10046
1334,1.95292
1335,1.89837
1336,1.71814
1337,1.46555
1338,1.17126
1339,1.07323
1340,1.2618
1341,1.27188
1342,1.5204
1343,1.49423
1344,1.64062
1345,1.71615
1346,1.65202
1347,1.53968
1348,1.5433
1349,1.39026
1350,1.51533
1351,1.40787
1352,1.46133
1353,1.42407
1354,1.35059
1355,1.53372
1356,1.4515
1357,1.61725
1358,1.59361
1359,1.69191
1360,1.65116
1361,1.56599
1362,1.35067
1363,1.3572
1364,1.05702
1365,1.055
1366,1.20752
1367,1.53628
1368,1.5928
1369,1.77569
1370,1.98996
1371,2.1288
1372,2.08843
1373,2.0382
1374,1.96386
1375,1.87071
1376,1.78807
1377,1.59322
1378,1.2441
1379,1.05479
1380,1.05615
1381,1.19525
1382,1.2953
1383,1.34217
1384,1.38439
1385,1.32756
1386,1.23516
1387,1.06263
1388,1.26161
1389,1.39104
1390,1.5055
1391,1.80816
1392,2.02728
1393,2.04799
1394,2.052
1395,2.15726
1396,2.05722
1397,2.03499
1398,1.82066
1399,1.68351
1400,1.45675
1401,1.11131
1402,1.06422
1403,1.31062
1404,1.42177
1405,1.53772
1406,1.52372
1407,1.54808
1408,1.61148
1409,1.6368
1410,1.624
1411,1.57771
1412,1.54388
1413,1.33061
1414,1.38095
1415,1.37993
1416,1.36426
1417,1.43584
1418,1.4123
1419,1.63482
1420,1.5425
1421,1.55007
1422,1.56004
1423,1.63836
1424,1.58662
1425,1.49927
1426,1.20517
1427,1.06525
1428,1.1214
1429,1.21155
1430,1.54818
1431,1.72821
1432,1.90706
1433,1.93523
1434,2.03685
1435,2.16812
1436,1.99216
1437,2.01539
1438,1.76724
1439,1.60114
1440,1.47192
1441,1.23329
1442,1.04085
1443,1.20218
1444,1.32282
1445,1.4156
1446,1.48192
1447,1.30121
1448,1.34625
1449,1.09972
1450,1.10083
1451,1.11292
1452,1.4381
1453,1.6553
1454,1.89095
1455,1.93689
1456,1.99865
1457,2.07664
1458,2.16529
1459,2.01848
1460,1.92753
1461,1.82037
1462,1.48228
1463,1.42176
1464,1.13101
1465,1.02169
1466,1.22754
1467,1.33411
1468,1.52736
1469,1.60215
1470,1.55064
1471,1.5435
1472,1.5974
1473,1.64764
1474,1.50551
1475,1.55504
1476,1.49117
1477,1.40801
1478,1.39456
1479,1.38569
1480,1.43668
1481,1.52326
1482,1.47067
1483,1.59858
1484,1.64628
1485,1.55985
1486,1.65142
1487,1.60163
1488,1.49124
1489,1.24228
1490,1.05271
1491,1.11111
1492,1.32087
1493,1.63718
1494,1.68893
1495,1.91813
1496,2.00232
1497,2.10039
1498,2.02022
1499,2.14395
1500,1.96614
1501,1.74361
1502,1.60723
1503,1.46536
1504,1.17116
1505,1.0915
1506,1.16336
1507,1.29012
1508,1.47221
1509,1.36849
1510,1.29502
1511,1.22396
1512,1.11949
1513,1.12405
1514,1.2788
1515,1.46945
1516,1.69176
1517,1.84289
1518,2.00433
1519,2.15163
1520,2.14916
1521,2.03641
1522,1.98727
1523,1.90838
1524,1.78643
1525,1.53513
1526,1.40421
1527,1.12586
1528,1.03783
1529,1.34751
1530,1.35365
1531,1.61744
1532,1.60345
1533,1.68382
1534,1.67886
1535,1.6508
1536,1.44734
1537,1.49364
1538,1.39423
1539,1.45846
1540,1.48922
1541,1.44371
1542,1.40546
1543,1.39584
1544,1.47803
1545,1.64224
1546,1.57572
1547,1.63729
1548,1.5733
1549,1.66917
1550,1.56888
1551,1.36443
1552,1.1651
1553,1.03016
1554,1.09742
1555,1.27352
1556,1.55618
1557,1.74578
1558,2.02266
1559,1.95832
1560,2.11454
1561,2.12589
1562,2.11816
1563,1.90791
1564,1.84707
1565,1.55691
1566,1.39854
1567,1.10599
1568,1.05247
1569,1.23208
1570,1.38926
1571,1.37851
1572,1.42032
1573,1.31952
1574,1.19074
1575,1.07329
1576,1.0753
1577,1.29536
1578,1.41069
1579,1.61951
1580,1.89234
1581,1.97889
1582,1.99087
1583,2.10821
1584,2.01624
1585,1.91497
1586,1.79035
1587,1.66837
1588,1.42502
1589,1.26125
1590,1.01402
1591,1.10597
1592,1.34503
1593,1.42346
1594,1.44139
1595,1.63378
1596,1.71159
1597,1.65899
1598,1.59647
1599,1.51801
1600,1.49923
1601,1.52056
1602,1.43401
1603,1.44554
1604,1.39283
1605,1.35797
1606,1.4305
1607,1.47646
1608,1.61686
1609,1.54747
1610,1.66343
1611,1.63623
1612,1.48271
1613,1.53829
1614,1.32583
1615,1.18058
1616,1.09413
1617,1.17217
1618,1.36406
1619,1.7056
1620,1.71436
1621,2.03836
1622,2.00573
1623,2.02629
1624,2.06818
1625,2.07294
1626,1.9693
1627,1.77691
1628,1.66554
1629,1.34902
1630,1.16067
1631,1.02031
1632,1.21176
1633,1.35342
1634,1.42215
1635,1.38203
1636,1.25243
1637,1.16518
1638,1.17774
1639,1.1874
1640,1.29319
1641,1.53244
1642,1.66092
1643,1.81704
1644,1.97545
1645,2.18523
1646,2.02456
1647,2.04849
1648,1.92973
1649,1.84563
1650,1.75609
1651,1.42414
1652,1.16631
1653,1.05236
1654,1.24066
1655,1.33829
1656,1.45221
1657,1.50178
1658,1.50693
1659,1.5489
1660,1.58872
1661,1.63129
1662,1.44994
1663,1.5126
1664,1.50863
1665,1.34047
1666,1.45057
1667,1.38807
1668,1.40351
1669,1.43071
1670,1.54866
1671,1.62848
1672,1.53951
1673,1.69494
1674,1.59791
1675,1.53077
1676,1.40292
1677,1.40755
1678,1.2417
1679,1.00754
1680,1.21962
1681,1.47803
1682,1.71262
1683,1.76509
1684,1.97222
1685,1.97325
1686,2.1637
1687,2.15072
1688,1.99121
1689,1.96796
1690,1.76243
1691,1.4681
1692,1.35386
1693,1.14308
1694,1.11884
1695,1.1653
1696,1.3175
1697,1.37567
1698,1.4786
1699,1.39675
1700,1.1633
1701,1.00505
1702,1.16257
1703,1.42996
1704,1.56838
1705,1.65396
1706,1.95866
1707,2.06717
1708,2.13172
1709,2.19335
1710,2.0837
1711,1.90625
1712,1.82806
1713,1.72929
1714,1.36931
1715,1.14339
1716,1.03089
1717,1.18779
1718,1.27855
1719,1.376
1720,1.47923
1721,1.52513
1722,1.54547
1723,1.57165
1724,1.53369
1725,1.50997
1726,1.41668
1727,1.41992
1728,1.50693
1729,1.45297
1730,1.41837
1731,1.34434
1732,1.49593
1733,1.62754
1734,1.48336
1735,1.67769
1736,1.57947
1737,1.53787
1738,1.6359
1739,1.47767
1740,1.3003
1741,1.10258
1742,1.14112
1743,1.22983
1744,1.40491
1745,1.58463
1746,1.87076
1747,2.07027
1748,2.00946
1749,2.19953
1750,2.02507
1751,1.91187
1752,1.91103
1753,1.69796
1754,1.49179
1755,1.35714
1756,1.0426
1757,1.02175
1758,1.3006
1759,1.37221
1760,1.44132
1761,1.44633
1762,1.34165
1763,1.23035
1764,1.05639
1765,1.24292
1766,1.29201
1767,1.5965
1768,1.75596
1769,1.91328
1770,2.11173
1771,2.04023
1772,2.12881
1773,2.12003
1774,1.96176
1775,1.71048
1776,1.5178
1777,1.4763
1778,1.22254
1779,1.04888
1780,1.19154
1781,1.40129
1782,1.47436
1783,1.63092
1784,1.66296
1785,1.58087
1786,1.51734
1787,1.62087
1788,1.48831
1789,1.53921
1790,1.51688
1791,1.38924
1792,1.42704
1793,1.44295
1794,1.37124
1795,1.474
1796,1.48333
1797,1.64506
1798,1.61267
1799,1.7109
1800,1.6036
1801,1.45815
1802,1.40546
1803,1.22206
1804,1.04921
1805,1.18347
1806,1.31222
1807,1.4853
1808,1.62397
1809,1.95952
1810,2.10781
1811,2.15628
1812,2.13143
1813,2.00618
1814,1.91719
1815,1.8278
1816,1.75876
1817,1.48748
1818,1.24864
1819,1.08309
1820,1.21267
1821,1.31054
1822,1.37331
1823,1.47897
1824,1.35188
1825,1.37429
1826,1.19346
1827,1.09212
1828,1.30738
1829,1.3549
1830,1.55083
1831,1.84182
1832,1.86736
1833,1.99557
1834,2.12273
1835,2.02519
1836,1.98994
1837,1.8956
1838,1.78573
1839,1.52823
1840,1.41312
1841,1.08487
1842,1.11216
1843,1.19186
1844,1.38641
1845,1.47312
1846,1.62667
1847,1.64374
1848,1.52018
1849,1.5556
1850,1.58231
1851,1.59862
1852,1.49319
1853,1.32812
1854,1.3348
1855,1.48124
1856,1.32171
1857,1.49007
1858,1.49042
1859,1.59297
1860,1.58192
1861,1.55097
1862,1.65207
1863,1.66751
1864,1.49758
1865,1.44749
1866,1.32425
1867,1.06336
1868,1.14988
1869,1.39538
1870,1.55258
1871,1.66875
1872,1.88038
1873,2.12068
1874,2.08748
1875,2.01914
1876,2.09799
1877,2.05501
1878,1.739
1879,1.68089
1880,1.36461
1881,1.17942
1882,1.0447
1883,1.15796
1884,1.31766
1885,1.2779
1886,1.37481
1887,1.37169
1888,1.2995
1889,1.14211
1890,1.06023
1891,1.1511
1892,1.38598
1893,1.56511
1894,1.81591
1895,1.98258
1896,2.16277
1897,2.07411
1898,2.07274
1899,2.07494
1900,1.93967
1901,1.81686
1902,1.58433
1903,1.24278
1904,1.20686
1905,1.01682
1906,1.31875
1907,1.35434
1908,1.59408
1909,1.53475
1910,1.71704
1911,1.52889
1912,1.65539
1913,1.54739
1914,1.4165
1915,1.41091
1916,1.3551
1917,1.34605
1918,1.35281
1919,1.50804
1920,1.48522
1921,1.48038
1922,1.62141
1923,1.5014
1924,1.53435
1925,1.59069
1926,1.6375
1927,1.5858
1928,1.36685
1929,1.21939
1930,1.03763
1931,1.1817
1932,1.39105
1933,1.58995
1934,1.67691
1935,1.9852
1936,1.98453
1937,2.01712
1938,2.1667
1939,1.98829
1940,2.01694
1941,1.78629
1942,1.55747
1943,1.33026
1944,1.10562
1945,1.00395
1946,1.18315
1947,1.31959
1948,1.38076
1949,1.31698
1950,1.42249
1951,1.20485
1952,1.2017
1953,1.08739
1954,1.25072
1955,1.47201
1956,1.63412
1957,1.82856
1958,2.02588
1959,2.14788
1960,2.08353
1961,1.99894
1962,1.92253
1963,1.95787
1964,1.66515
1965,1.49359
1966,1.27301
1967,1.07947
1968,1.06959
1969,1.34477
1970,1.48273
1971,1.5458
1972,1.53476
1973,1.68192
1974,1.70057
1975,1.57962
1976,1.62688
1977,1.41672
1978,1.48713
1979,1.43178
1980,1.40744
1981,1.47074
1982,1.40047
1983,1.51204
1984,1.5764
1985,1.52026
1986,1.64717
1987,1.58049
1988,1.61849
1989,1.57882
1990,1.41914
1991,1.35951
1992,1.19023
1993,1.02409
1994,1.24565
1995,1.50072
1996,1.54795
1997,1.80113
1998,1.9624
1999,2.13377
2000,2.0556
2001,2.13917
2002,2.09404
2003,1.85136
2004,1.75819
2005,1.56412
2006,1.26885
2007,1.23675
2008,1.03077
2009,1.24748
2010,1.24072
2011,1.3719
2012,1.4698
2013,1.38736
2014,1.1622
2015,1.11616
2016,1.16802
2017,1.36947
2018,1.56724
2019,1.79368
2020,1.94278
2021,2.01248
2022,2.01403
2023,2.19967
2024,2.14725
2025,1.89042
2026,1.77977
2027,1.61181
2028,1.38301
2029,1.22786
2030,1.04889
2031,1.07031
2032,1.23286
2033,1.51826
2034,1.56218
2035,1.53112
2036,1.52746
2037,1.6213
2038,1.51203
2039,1.62475
2040,1.42244
2041,1.52722
2042,1.50729
2043,1.33605
2044,1.44469
2045,1.3686
2046,1.55025
2047,1.47246
2048,1.57264
2049,1.65401
2050,1.65821
2051,1.63401
2052,1.53417
2053,1.53523
2054,1.42842
2055,1.26217
2056,1.06736
2057,1.265
2058,1.54264
2059,1.60449
2060,1.74335
2061,1.97928
2062,1.99797
2063,2.09306
2064,2.09787
2065,2.03554
2066,1.88702
2067,1.74711
2068,1.48342
2069,1.33939
2070,1.04817
2071,1.00705
2072,1.22307
2073,1.32222
2074,1.3508
2075,1.45904
2076,1.29965
2077,1.26325
2078,1.02327
2079,1.10552
2080,1.25617
2081,1.64719
2082,1.66603
2083,2.00471
2084,2.06134
2085,2.07448
2086,2.11133
2087,1.99544
2088,1.86713
2089,1.77156
2090,1.57055
2091,1.51367
2092,1.28822
2093,1.1048
2094,1.11814
2095,1.28681
2096,1.41757
2097,1.46582
2098,1.68104
2099,1.61824
2100,1.65875
2101,1.54561
2102,1.58794
2103,1.54665
2104,1.3464
2105,1.43066
2106,1.3999
2107,1.35187
2108,1.45275
2109,1.44487
2110,1.57374
2111,1.51723
2112,1.63962
2113,1.55637
2114,1.57873
2115,1.55927
2116,1.45564
2117,1.26876
2118,1.11189
2119,1.10619
2120,1.25186
2121,1.47913
2122,1.64116
2123,1.75872
2124,2.08
2125,2.08259
2126,2.14376
2127,2.0555
2128,2.02144
2129,1.80318
2130,1.72064
2131,1.44001
2132,1.26492
2133,1.06299
2134,1.12544
2135,1.22813
2136,1.34204
2137,1.47309
2138,1.3357
2139,1.23331
2140,1.15129
2141,1.09762
2142,1.10683
2143,1.42895
2144,1.58148
2145,1.85884
2146,1.95998
2147,2.08251
2148,2.13175
2149,2.20766
2150,2.12879
2151,1.98597
2152,1.7635
2153,1.63511
2154,1.30213
2155,1.19043
2156,1.02026
2157,1.19297
2158,1.29614
2159,1.55499
2160,1.56557
2161,1.5387
2162,1.53422
2163,1.51814
2164,1.58839
2165,1.52194
2166,1.46968
2167,1.47421
2168,1.4737
2169,1.47536
2170,1.47619
2171,1.38882
2172,1.47609
2173,1.48684
2174,1.64434
2175,1.63714
2176,1.6099
2177,1.66077
2178,1.57545
2179,1.33027
2180,1.34622
2181,1.07338
2182,1.11289
2183,1.30283
2184,1.44954
2185,1.80988
2186,1.86783
2187,2.08299
2188,2.06042
2189,2.08887
2190,2.00099
2191,1.98926
2192,1.82898
2193,1.71239
2194,1.56675
2195,1.17612
2196,1.03525
2197,1.18573
2198,1.21572
2199,1.41124
2200,1.30967
2201,1.38029
2202,1.38198
2203,1.10684
2204,1.04805
2205,1.18959
2206,1.37624
2207,1.57167
2208,1.74542
2209,2.05896
2210,1.99894
2211,2.1848
2212,2.10862
2213,2.05227
2214,1.81886
2215,1.67069
2216,1.56744
2217,1.41835
2218,1.18192
2219,1.03135
2220,1.29404
2221,1.42585
2222,1.55397
2223,1.63234
2224,1.55459
2225,1.59709
2226,1.65076
2227,1.62587
2228,1.41625
2229,1.47583
2230,1.48731
2231,1.4405
2232,1.48527
2233,1.45999
2234,1.44172
2235,1.42329
2236,1.562
2237,1.49828
2238,1.60329
2239,1.5501
2240,1.60246
2241,1.52258
2242,1.43235
2243,1.34836
2244,1.06941
2245,1.04385
2246,1.24461
2247,1.4845
2248,1.82299
2249,1.89649
2250,2.01323
2251,2.01619
2252,2.15509
2253,2.16215
2254,2.01497
2255,1.81415
2256,1.58969
2257,1.47001
2258,1.18991
2259,1.00832
2260,1.1131
2261,1.36451
2262,1.38772
2263,1.48208
2264,1.30316
2265,1.31407
2266,1.06009
2267,1.00522
2268,1.2539
2269,1.48503
2270,1.74138
2271,1.86299
2272,1.93095
2273,2.1266
2274,2.20614
2275,2.10986
2276,2.02863
2277,1.86575
2278,1.681
2279,1.61927
2280,1.26844
2281,1.07935
2282,1.05006
2283,1.17891
2284,1.42949
2285,1.56085
2286,1.5874
2287,1.55892
2288,1.58528
2289,1.68527
2290,1.6445
2291,1.49801
2292,1.52541
2293,1.37749
2294,1.44536
2295,1.38362
2296,1.41474
2297,1.47773
2298,1.50717
2299,1.64647
2300,1.62287
2301,1.71035
2302,1.53976
2303,1.53507
2304,1.53624
2305,1.29554
2306,1.27204
2307,1.00355
2308,1.11059
2309,1.45273
2310,1.67076
2311,1.86364
2312,1.93321
2313,2.02457
2314,2.07419
2315,2.04044
2316,2.11115
2317,1.96515
2318,1.69915
2319,1.59037
2320,1.33209
2321,1.16082
2322,1.02164
2323,1.08321
2324,1.35635
2325,1.34238
2326,1.43089
2327,1.3323
2328,1.26563
2329,1.04285
2330,1.05698
2331,1.22462
2332,1.43347
2333,1.66209
2334,1.89193
2335,1.99061
2336,2.03699
2337,2.0425
2338,2.06079
2339,1.91439
2340,1.85249
2341,1.60452
2342,1.53105
2343,1.34741
2344,1.17048
2345,1.05934
2346,1.19865
2347,1.36145
2348,1.52228
2349,1.5886
2350,1.63991
2351,1.58565
2352,1.5201
2353,1.54174
2354,1.49112
2355,1.39906
2356,1.51138
2357,1.39187
2358,1.35634
2359,1.46531
2360,1.43936
2361,1.49809
2362,1.62218
2363,1.67154
2364,1.61958
2365,1.56029
2366,1.56984
2367,1.4228
2368,1.37705
2369,1.15007
2370,1.00567
2371,1.14706
2372,1.41061
2373,1.5553
2374,1.71931
2375,1.93613
2376,1.97878
2377,2.19785
2378,2.07595
2379,2.02644
2380,1.98439
2381,1.86426
2382,1.56445
2383,1.42647
2384,1.20236
2385,1.09934
2386,1.11448
2387,1.27658
2388,1.44415
2389,1.47945
2390,1.4276
2391,1.30662
2392,1.12674
2393,1.17906
2394,1.31768
2395,1.59735
2396,1.82269
2397,1.89765
2398,1.95417
2399,2.13247
2400,2.11734
2401,1.99994
2402,1.95575
2403,1.88517
2404,1.66137
2405,1.50164
2406,1.33039
2407,1.09606
2408,1.1849
2409,1.36872
2410,1.53066
2411,1.62223
2412,1.5978
2413,1.54789
2414,1.59507
2415,1.49403
2416,1.48301
2417,1.46799
2418,1.38529
2419,1.357
2420,1.44821
2421,1.31383
2422,1.39807
2423,1.46174
2424,1.53892
2425,1.56221
2426,1.69947
2427,1.55394
2428,1.50356
2429,1.4883
2430,1.42129
2431,1.33646
2432,1.24061
2433,1.02038
2434,1.30463
2435,1.52744
2436,1.67507
2437,1.7436
2438,2.06506
2439,2.06622
2440,2.18123
2441,2.17472
2442,1.98402
2443,1.96132
2444,1.66933
2445,1.59525
2446,1.3274
2447,1.18339
2448,1.03293
2449,1.28686
2450,1.27771
2451,1.37606
2452,1.40968
2453,1.31879
2454,1.23048
2455,1.02934
2456,1.19594
2457,1.27241
2458,1.53165
2459,1.71616
2460,1.85424
2461,2.02297
2462,2.19287
2463,2.13778
2464,2.10283
2465,2.04047
2466,1.85665
2467,1.58583
2468,1.34782
2469,1.12002
2470,1.04023
2471,1.14039
2472,1.36178
2473,1.49486
2474,1.56709
2475,1.70109
2476,1.68405
2477,1.58488
2478,1.51223
2479,1.54999
2480,1.40626
2481,1.3555
2482,1.34063
2483,1.36673
2484,1.34973
2485,1.41851
2486,1.46301
2487,1.53869
2488,1.53497
2489,1.52615
2490,1.66831
2491,1.6703
2492,1.46056
2493,1.44688
2494,1.40386
2495,1.14327
2496,1.0207
2497,1.17927
2498,1.51612
2499,1.62341
2500,1.94801
2501,2.00577
2502,2.00433
2503,2.20684
2504,2.06248
2505,2.09866
2506,1.80271
2507,1.6801
2508,1.47706
2509,1.24748
2510,1.06609
2511,1.19608
2512,1.29384
2513,1.38191
2514,1.48553
2515,1.32522
2516,1.32232
2517,1.25614
2518,1.10011
2519,1.14281
2520,1.46099
2521,1.65716
2522,1.70802
2523,1.8858
2524,1.95702
2525,2.01613
2526,2.16391
2527,2.11646
2528,1.94086
2529,1.83055
2530,1.63604
2531,1.42841
2532,1.22385
2533,1.01474
2534,1.1832
2535,1.43974
2536,1.4286
2537,1.50836
2538,1.59193
2539,1.60117
2540,1.50979
2541,1.61593
2542,1.49584
2543,1.54209
2544,1.52016
2545,1.41087
2546,1.44152
2547,1.36503
2548,1.51641
2549,1.54808
2550,1.52162
2551,1.59385
2552,1.62475
2553,1.68523
2554,1.66675
2555,1.58949
2556,1.44499
2557,1.25256
2558,1.05482
2559,1.04503
2560,1.21828
2561,1.46995
2562,1.79687
2563,1.90806
2564,2.02374
2565,2.18026
2566,2.0644
2567,2.17694
2568,1.90082
2569,1.83184
2570,1.6126
2571,1.52499
2572,1.34511
2573,1.01609
2574,1.04497
2575,1.3217
2576,1.28325
2577,1.31622
2578,1.35674
2579,1.29665
2580,1.08108
2581,1.05775
2582,1.22422
2583,1.40833
2584,1.59741
2585,1.75469
2586,2.00754
2587,2.15519
2588,2.06461
2589,2.01322
2590,2.10785
2591,1.95063
2592,1.75218
2593,1.64214
2594,1.36892
2595,1.20233
2596,1.1368
2597,1.32777
2598,1.47485
2599,1.44117
2600,1.56048
2601,1.59925
2602,1.59961
2603,1.65541
2604,1.5298
2605,1.50324
2606,1.51198
2607,1.36333
2608,1.3954
2609,1.49516
2610,1.32551
2611,1.37382
2612,1.4663
2613,1.64603
2614,1.5164
2615,1.68943
2616,1.64952
2617,1.57015
2618,1.442
2619,1.30345
2620,1.15676
2621,1.06034
2622,1.1369
2623,1.31099
2624,1.45732
2625,1.79859
2626,1.91879
2627,1.9498
2628,2.07018
2629,2.16118
2630,2.13276
2631,1.90357
2632,1.80835
2633,1.66248
2634,1.50808
2635,1.23451
2636,1.03578
2637,1.14198
2638,1.33367
2639,1.45605
2640,1.42547
2641,1.45562
2642,1.21777
2643,1.14913
2644,1.02869
2645,1.20038
2646,1.53681
2647,1.71201
2648,1.86492
2649,1.89021
2650,2.17587
2651,2.1882
2652,2.05884
2653,1.9565
2654,1.90699
2655,1.68029
2656,1.47175
2657,1.24999
2658,1.0663
2659,1.1337
2660,1.30591
2661,1.4932
2662,1.43231
2663,1.57767
2664,1.68251
2665,1.61892
2666,1.62593
2667,1.60082
2668,1.59405
2669,1.39676
2670,1.33341
2671,1.42933
2672,1.33244
2673,1.49782
2674,1.44023
2675,1.58503
2676,1.51212
2677,1.56828
2678,1.63731
2679,1.52209
2680,1.53532
2681,1.4133
2682,1.38884
2683,1.17603
2684,1.02351
2685,1.17963
2686,1.38559
2687,1.65263
2688,1.8536
2689,2.01437
2690,2.02997
2691,2.06152
2692,2.07988
2693,2.05689
2694,1.93871
2695,1.89
2696,1.6076
2697,1.39963
2698,1.24668
2699,1.03885
2700,1.18505
2701,1.33844
2702,1.41981
2703,1.35791
2704,1.28647
2705,1.262
2706,1.1529
2707,1.13039
2708,1.30239
2709,1.52024
2710,1.62029
2711,1.77713
2712,1.91454
2713,2.14513
2714,2.01985
2715,2.09237
2716,1.96388
2717,1.9266
2718,1.64636
2719,1.47491
2720,1.21695
2721,1.02087
2722,1.0817
2723,1.27484
2724,1.35975
2725,1.60462
2726,1.5684
2727,1.52749
2728,1.54897
2729,1.49281
2730,1.63083
2731,1.48801
2732,1.43955
2733,1.43931
2734,1.39867
2735,1.47924
2736,1.48445
2737,1.56281
2738,1.61671
2739,1.57978
2740,1.55844
2741,1.53789
2742,1.59636
2743,1.51776
2744,1.42194
2745,1.25605
2746,1.2453
2747,1.03379
2748,1.12006
2749,1.36912
2750,1.58096
2751,1.83708
2752,1.92907
2753,2.04755
2754,2.11871
2755,2.0322
2756,1.94435
2757,1.84411
2758,1.67099
2759,1.6341
2760,1.28318
2761,1.1451
2762,1.0487
2763,1.28431
2764,1.2983
2765,1.35273
2766,1.41178
2767,1.41675
2768,1.32544
2769,1.14626
2770,1.15142
2771,1.38605
2772,1.49016
2773,1.81355
2774,1.79673
2775,2.02625
2776,2.07711
2777,2.05516
2778,2.0458
2779,2.03459
2780,1.92384
2781,1.70867
2782,1.5547
2783,1.27301
2784,1.10816
2785,1.08846
2786,1.31134
2787,1.48329
2788,1.57752
2789,1.64536
2790,1.56581
2791,1.61001
2792,1.57841
2793,1.46256
2794,1.43061
2795,1.45299
2796,1.31743
2797,1.38819
2798,1.34479
2799,1.48955
2800,1.55364
2801,1.46645
2802,1.49412
2803,1.68694
2804,1.70723
2805,1.54045
2806,1.48533
2807,1.49793
2808,1.42315
2809,1.21362
2810,1.01821
2811,1.14116
2812,1.37719
2813,1.7097
2814,1.82118
2815,1.88751
2816,2.05365
2817,2.05385
2818,2.03831
2819,2.01316
2820,1.93548
2821,1.73119
2822,1.54245
2823,1.39499
2824,1.17172
2825,1.14132
2826,1.14793
2827,1.417
2828,1.37654
2829,1.29435
2830,1.28781
2831,1.16664
2832,1.04523
2833,1.20604
2834,1.27954
2835,1.60318
2836,1.84415
2837,1.81948
2838,2.05657
2839,2.16324
2840,2.0364
2841,1.98849
2842,2.05767
2843,1.90883
2844,1.53897
2845,1.35637
2846,1.13437
2847,1.0271
2848,1.26712
2849,1.25159
2850,1.45903
2851,1.56888
2852,1.63373
2853,1.68241
2854,1.67049
2855,1.49546
2856,1.51919
2857,1.56241
2858,1.53046
2859,1.47074
2860,1.31956
2861,1.41993
2862,1.45702
2863,1.39922
2864,1.51777
2865,1.65563
2866,1.67054
2867,1.66853
2868,1.66648
2869,1.47138
2870,1.52041
2871,1.24982
2872,1.20093
2873,1.06083
2874,1.17813
2875,1.39491
2876,1.74169
2877,1.76308
2878,2.05978
2879,2.06595
2880,2.12875
2881,2.01305
2882,2.023
2883,1.87315
2884,1.67009
2885,1.49867
2886,1.2543
2887,1.02349
2888,1.00649
2889,1.2552
2890,1.40936
2891,1.32709
2892,1.36713
2893,1.40967
2894,1.25172
2895,1.02226
2896,1.23945
2897,1.38129
2898,1.51966
2899,1.72596
2900,1.91549
2901,2.12486
2902,2.16338
2903,2.19484
2904,2.10127
2905,1.85622
2906,1.69023
2907,1.69038
2908,1.47603
2909,1.1951
2910,1.08079
2911,1.19145
2912,1.43485
2913,1.5839
2914,1.62816
2915,1.69173
2916,1.68302
2917,1.62495
2918,1.5476
2919,1.45218
2920,1.38449
2921,1.37241
2922,1.41282
2923,1.3019
2924,1.39585
2925,1.38388
2926,1.54798
2927,1.62265
2928,1.64192
2929,1.69803
2930,1.71547
2931,1.65558
2932,1.49944
2933,1.38261
2934,1.28337
2935,1.19873
2936,1.09779
2937,1.2126
2938,1.59641
2939,1.74056
2940,1.97574
2941,1.93898
2942,2.04979
2943,2.06763
2944,2.03748
2945,2.02655
2946,1.78583
2947,1.57127
2948,1.52535
2949,1.23429
2950,1.07205
2951,1.13532
2952,1.21361
2953,1.35986
2954,1.36863
2955,1.43896
2956,1.22721
2957,1.12349
2958,1.01867
2959,1.30794
2960,1.42602
2961,1.55395
2962,1.88201
2963,1.89591
2964,2.05228
2965,2.02796
2966,2.10137
2967,1.98284
2968,1.83223
2969,1.75278
2970,1.52704
2971,1.35391
2972,1.12708
2973,1.07057
2974,1.21097
2975,1.39659
2976,1.51637
2977,1.53577
2978,1.53548
2979,1.57538
2980,1.53928
2981,1.59178
2982,1.55041
2983,1.53657
2984,1.44127
2985,1.37219
2986,1.46979
2987,1.3372
2988,1.52237
2989,1.51946
2990,1.58923
2991,1.50664
2992,1.65612
2993,1.54209
2994,1.51635
2995,1.43486
2996,1.30318
2997,1.34595
2998,1.00658
2999,1.08624
3000,1.35376
3001,1.62797
3002,1.83081
3003,1.82153
3004,2.01062
3005,2.03454
3006,2.0485
3007,1.98551
3008,2.03084
3009,1.85524
3010,1.67792
3011,1.3996
3012,1.24823
3013,1.06149
3014,1.15877
3015,1.21446
3016,1.44527
3017,1.32961
3018,1.36864
3019,1.17619
3020,1.12286
3021,1.01685
3022,1.29726
3023,1.55524
3024,1.72527
3025,1.80912
3026,1.99965
3027,2.07421
3028,2.11118
3029,2.16177
3030,2.02746
3031,1.82089
3032,1.63334
3033,1.60276
3034,1.38299
3035,1.06243
3036,1.05114
3037,1.35472
3038,1.44872
3039,1.60468
3040,1.50541
3041,1.53113
3042,1.62399
3043,1.52125
3044,1.52502
3045,1.42368
3046,1.54695
3047,1.36161
3048,1.38065
3049,1.30565
3050,1.41677
3051,1.49273
3052,1.59942
3053,1.58486
3054,1.52372
3055,1.65955
3056,1.57378
3057,1.65488
3058,1.55583
3059,1.37333
3060,1.23964
3061,1.07839
3062,1.21266
3063,1.34782
3064,1.49127
3065,1.81869
3066,1.86161
3067,2.04136
3068,2.152
3069,2.19549
3070,2.00704
3071,1.85935
3072,1.73638
3073,1.50792
3074,1.35709
3075,1.23792
3076,1.07226
3077,1.1153
3078,1.40207
3079,1.47347
3080,1.30664
3081,1.42758
3082,1.24893
3083,1.12858
3084,1.12513
3085,1.31911
3086,1.56888
3087,1.71964
3088,1.88976
3089,2.04634
3090,2.00535
3091,2.17841
3092,2.04016
3093,2.09749
3094,1.83782
3095,1.73591
3096,1.55909
3097,1.2801
3098,1.03502
3099,1.12402
3100,1.35635
3101,1.46456
3102,1.45825
3103,1.50828
3104,1.60744
3105,1.5361
3106,1.62672
3107,1.59311
3108,1.42389
3109,1.42375
3110,1.39898
3111,1.5003
3112,1.40835
3113,1.52417
3114,1.51094
3115,1.50698
3116,1.54338
3117,1.56738
3118,1.60738
3119,1.51558
3120,1.51008
3121,1.54286
3122,1.37909
3123,1.24322
3124,1.08784
3125,1.26355
3126,1.43696
3127,1.61946
3128,1.71969
3129,1.86441
3130,2.05087
3131,2.19757
3132,2.17729
3133,2.04173
3134,1.95157
3135,1.80946
3136,1.56525
3137,1.39775
3138,1.21583
3139,1.01173
3140,1.1722
3141,1.31002
3142,1.40012
3143,1.31413
3144,1.32329
3145,1.27971
3146,1.12544
3147,1.1304
3148,1.24196
3149,1.62787
3150,1.78254
3151,1.96876
3152,2.07572
3153,2.16371
3154,2.20384
3155,2.0812
3156,2.05372
3157,1.80282
3158,1.72017
3159,1.48303
3160,1.3228
3161,1.00683
3162,1.11107
3163,1.34103
3164,1.36093
3165,1.62659
3166,1.561
3167,1.64003
3168,1.66875
3169,1.64885
3170,1.55675
3171,1.53202
3172,1.47068
3173,1.46551
3174,1.43691
3175,1.36244
3176,1.48751
3177,1.40918
3178,1.45448
3179,1.49513
3180,1.62233
3181,1.62565
3182,1.64
3183,1.5567
3184,1.54469
3185,1.34641
3186,1.17573
3187,1.12777
3188,1.26391
3189,1.41543
3190,1.75502
3191,1.91269
3192,2.06033
3193,2.10642
3194,2.10019
3195,2.00026
3196,2.04374
3197,1.85022
3198,1.75174
3199,1.48443
3200,1.22595
3201,1.03094
3202,1.1486
3203,1.22869
3204,1.34168
3205,1.4148
3206,1.35839
3207,1.35728
3208,1.2826
3209,1.13599
3210,1.16464
3211,1.35975
3212,1.58771
3213,1.78814
3214,1.89248
3215,2.03898
3216,2.04907
3217,2.20874
3218,2.05791
3219,1.90632
3220,1.79332
3221,1.70424
3222,1.4143
3223,1.17159
3224,1.04947
3225,1.25384
3226,1.39485
3227,1.57292
3228,1.50132
3229,1.53239
3230,1.55888
3231,1.62999
3232,1.54202
3233,1.53395
3234,1.3851
3235,1.48685
3236,1.40579
3237,1.3122
3238,1.33316
3239,1.46576
3240,1.48205
3241,1.63053
3242,1.53105
3243,1.6553
3244,1.71847
3245,1.60434
3246,1.47805
3247,1.34162
3248,1.21354
3249,1.23164
3250,1.11292
3251,1.25495
3252,1.54194
3253,1.77042
3254,1.91359
3255,2.02992
3256,2.06589
3257,2.02297
3258,2.0175
3259,2.07366
3260,1.9337
3261,1.76575
3262,1.41246
3263,1.30824
3264,1.17639
3265,1.05529
3266,1.30193
3267,1.38501
3268,1.39686
3269,1.3633
3270,1.4097
3271,1.17517
3272,1.03241
3273,1.2136
3274,1.39613
3275,1.53069
3276,1.82091
3277,1.96461
3278,1.96789
3279,2.03384
3280,2.10216
3281,2.06824
3282,2.00125
3283,1.80529
3284,1.54047
3285,1.48018
3286,1.13911
3287,1.04272
3288,1.27662
3289,1.30482
3290,1.53269
3291,1.52423
3292,1.55794
3293,1.60266
3294,1.68056
3295,1.55949
3296,1.44781
3297,1.47672
3298,1.48396
3299,1.43499
3300,1.36809
3301,1.32421
3302,1.48212
3303,1.42602
3304,1.56455
3305,1.64007
3306,1.70669
3307,1.61742
3308,1.64415
3309,1.50538
3310,1.38167
3311,1.24123
3312,1.08959
3313,1.05831
3314,1.35578
3315,1.50112
3316,1.68872
3317,1.79294
3318,2.08648
3319,2.17698
3320,2.0999
3321,2.02998
3322,1.94892
3323,1.86953
3324,1.75209
3325,1.48073
3326,1.15519
3327,1.13776
3328,1.04025
3329,1.34963
3330,1.31015
3331,1.35736
3332,1.31255
3333,1.26581
3334,1.09006
3335,1.09578
3336,1.12571
3337,1.36318
3338,1.58497
3339,1.88919
3340,1.96131
3341,2.14222
3342,2.0958
3343,2.02612
3344,2.07622
3345,1.90619
3346,1.7102
3347,1.50649
3348,1.25661
3349,1.06217
3350,1.02638
3351,1.32086
3352,1.47133
3353,1.51639
3354,1.50355
3355,1.56577
3356,1.6384
3357,1.53117
3358,1.5358
3359,1.50871
3360,1.39736
3361,1.36727
3362,1.34709
3363,1.31188
3364,1.40964
3365,1.50584
3366,1.44832
3367,1.55022
3368,1.49686
3369,1.59202
3370,1.62374
3371,1.4992
3372,1.59764
3373,1.38859
3374,1.28262
3375,1.01403
3376,1.23276
3377,1.24712
3378,1.54994
3379,1.78548
3380,1.98759
3381,1.9542
3382,2.14467
3383,2.13726
3384,2.08883
3385,1.92338
3386,1.84947
3387,1.65993
3388,1.38331
3389,1.21107
3390,1.04339
3391,1.17217
3392,1.38693
3393,1.29075
3394,1.30263
3395,1.37229
3396,1.2543
3397,1.05459
3398,1.02099
3399,1.28332
3400,1.50857
3401,1.59076
3402,1.92517
3403,2.0021
3404,2.13847
3405,2.13919
3406,2.00969
3407,2.05683
3408,1.88909
3409,1.62805
3410,1.43916
3411,1.25781
3412,1.19488
3413,1.07619
3414,1.20559
3415,1.40845
3416,1.56165
3417,1.52307
3418,1.61979
3419,1.6559
3420,1.57779
3421,1.52394
3422,1.59531
3423,1.52478
3424,1.44557
3425,1.44395
3426,1.36855
3427,1.48806
3428,1.42491
3429,1.43837
3430,1.58273
3431,1.64615
3432,1.65152
3433,1.7057
3434,1.60684
3435,1.52099
3436,1.4167
3437,1.16649
3438,1.0134
3439,1.25459
3440,1.30815
3441,1.5406
3442,1.71764
3443,1.92726
3444,2.04393
3445,2.13691
3446,2.11383
3447,2.11154
3448,1.88311
3449,1.87581
3450,1.59143
3451,1.40453
3452,1.11948
3453,1.01211
3454,1.12803
3455,1.21364
3456,1.33201
3457,1.39163
3458,1.33625
3459,1.32002
3460,1.14137
3461,1.09752
3462,1.3535
3463,1.5333
3464,1.64762
3465,1.91885
3466,1.9853
3467,2.16412
3468,2.11466
3469,2.11935
3470,2.06737
3471,1.79753
3472,1.78424
3473,1.45621
3474,1.33407
3475,1.13333
3476,1.09033
3477,1.31795
3478,1.50307
3479,1.54124
3480,1.61786
3481,1.67024
3482,1.67743
3483,1.48281
3484,1.46145
3485,1.40956
3486,1.43356
3487,1.41839
3488,1.36596
3489,1.44033
3490,1.41309
3491,1.51408
3492,1.55386
3493,1.559
3494,1.57327
3495,1.63811
3496,1.65105
3497,1.57882
3498,1.45396
3499,1.41873
3500,1.24517
3501,1.0972
3502,1.19354
3503,1.35353
3504,1.67093
3505,1.71296
3506,1.89905
3507,2.01523
3508,2.01952
3509,2.1323
3510,2.09338
3511,2.00705
3512,1.7816
3513,1.53846
3514,1.34243
3515,1.19813
3516,1.13883
3517,1.18109
3518,1.24534
3519,1.4646
3520,1.33689
3521,1.24115
3522,1.2992
3523,1.06885
3524,1.08655
3525,1.362
3526,1.50256
3527,1.76964
3528,1.93925
3529,2.02567
3530,2.1281
3531,2.18317
3532,2.09153
3533,2.0126
3534,1.90739
3535,1.72035
3536,1.49716
3537,1.245
3538,1.0848
3539,1.22163
3540,1.23907
3541,1.45343
3542,1.49569
3543,1.64205
3544,1.697
3545,1.52503
3546,1.65417
3547,1.57848
3548,1.57481
3549,1.52113
3550,1.3372
3551,1.41384
3552,1.4813
3553,1.52712
3554,1.39707
3555,1.43968
3556,1.52423
3557,1.67355
3558,1.63276
3559,1.59931
3560,1.62358
3561,1.43104
3562,1.36806
3563,1.2583
3564,1.03203
3565,1.3007
3566,1.53711
3567,1.66733
3568,1.75623
3569,1.93494
3570,2.08676
3571,2.10548
3572,2.18069
3573,2.11394
3574,1.92088
3575,1.77636
3576,1.59841
3577,1.35864
3578,1.14427
3579,1.10229
3580,1.30353
3581,1.31606
3582,1.47326
3583,1.34719
3584,1.26716
3585,1.14361
3586,1.1396
3587,1.11774
3588,1.3141
3589,1.56274
3590,1.7288
3591,1.94078
3592,1.97012
3593,2.00637
3594,2.03781
3595,2.05674
3596,1.89545
3597,1.72181
3598,1.53524
3599,1.50884
3600,1.16372
3601,1.01638
3602,1.16122
3603,1.36085
3604,1.53557
3605,1.49349
3606,1.57505
3607,1.68377
3608,1.7015
3609,1.64319
3610,1.49135
3611,1.44148
3612,1.49997
3613,1.34527
3614,1.40204
3615,1.5023
3616,1.37772
3617,1.44398
3618,1.52472
3619,1.51172
3620,1.54133
3621,1.55007
3622,1.54377
3623,1.56501
3624,1.5118
3625,1.38606
3626,1.06844
3627,1.07004
3628,1.19415
3629,1.44344
3630,1.73457
3631,1.78546
3632,2.06357
3633,2.00835
3634,2.10089
3635,1.9907
3636,1.98404
3637,1.95275
3638,1.75052
3639,1.53785
3640,1.25275
3641,1.00857
3642,1.1931
3643,1.16403
3644,1.42421
3645,1.31795
3646,1.3727
3647,1.28912
3648,1.15669
3649,1.04265
3650,1.1909
